-15.679167999999997,7.375420000000002,-5.975220000000002,3.2806339999999996,-0.4154816,-1.9200314000000005,1.55771516,-0.14189280000000004,-0.48908919999999995,0.8176166000000002,-0.28830283999999995,-0.21897579999999994,0,0,0,1
2.9988180000000004,-2.7343540000000006,1.958379400000001,0.7203960000000004,0.1970878199999999,0.9848374000000001,1.1072587999999997,0.8879063862000003,0.7126766000000002,0.08336572000000009,0.24447880000000002,0.11847899999999995,0,0,0,1
8.2877,-12.385780000000004,-1.0223046,-3.070621939999999,-1.036792,0.7021314,1.7955722000000003,1.0511754000000002,1.0837326000000003,-0.06176424000000002,0.3792984,-0.8892332,0,0,0,1
12.379519999999996,-6.719672000000002,2.1571040000000004,0.16814600000000005,1.1179594199999998,2.239624,1.7576138000000001,0.6419383999999999,0.1047829,-0.045299219999999994,0.3260695000000001,-0.12241520000000003,0,0,0,1
15.290759999999999,-5.417454,6.897823999999999,4.549442,1.7876908,2.848833999999999,0.5125540000000002,0.46521760000000006,1.3366566,-0.5004900000000001,0.9349771999999996,-0.24643160000000003,0,0,0,1
14.393600000000003,-6.483856000000002,6.002864000000001,2.2310194,0.6774439999999999,1.4469128000000004,0.8267384000000001,1.8015138000000004,2.3182028,0.2723439999999999,-0.18708260000000002,-1.3590564,0,0,0,1
15.937479999999999,-5.175290000000001,6.629268,2.3621981999999995,0.39866139999999944,1.156032,0.7007676000000003,1.0165336000000003,1.1560877200000002,0.07410199999999995,1.5868799999999998,-0.05393079999999996,0,0,0,1
14.944899999999997,-4.7921258,4.671960000000001,1.202608,0.11119839999999996,1.5153765999999995,-0.08701339999999982,0.4323062000000001,0.31837356,-1.1362136000000003,0.17654658000000012,-0.5342545999999999,0,0,0,1
11.865420000000002,-7.08407,4.017277999999999,-0.62396,-1.9224399999999997,0.1217502000000001,0.021556400000000073,1.179933,1.6338766000000005,-0.4442135800000001,0.2884549999999999,-1.9835264000000004,0,0,0,1
15.6377,-2.4115498,5.59054,1.56208,0.16149779999999989,1.9910679999999996,1.0304301999999999,1.36739856,1.5845633999999997,-0.14126299999999994,0.6492194000000002,-1.0504916,0,0,0,1
15.708895999999996,-3.856644400000001,6.26076,1.0888545999999997,-0.18162700000000004,1.4110623999999998,-0.2984305999999999,1.1140979999999996,1.3521324000000001,0.22028800000000004,1.7074778600000005,-0.07784839999999998,0,0,0,1
16.00518,-5.596711999999999,6.802099999999999,1.5813874,0.5276378914,1.3994479999999998,-0.3421566,0.6672664000000001,0.8297831999999998,-0.9944639999999997,1.737279800000001,0.26138560000000005,0,0,0,1
13.604297999999996,-2.9951280000000007,5.981728,2.0514820000000005,0.008653159999999983,1.479749,0.77455,1.2696581999999998,1.0186939999999998,-0.5618908,-0.2409476,-0.7094371999999999,0,0,0,1
13.184260000000002,-3.770187800000001,8.116940000000001,1.2562977200000005,1.3850880000000003,2.3814300000000004,1.0511605999999996,0.26893890000000004,2.153544,-0.244705,0.4741467999999998,0.4336936,0,0,0,1
13.916600000000003,1.3626920000000005,5.042488000000001,-0.043397999999999964,-1.8605887799999998,1.1753518,0.5807040000000001,0.9680370000000003,0.82792394,-0.03047101200000009,1.4420155999999997,0.6050585999999999,0,0,0,1
14.002891999999997,0.2508464,1.6008329399999996,-2.455744,-4.420350000000001,0.29342399999999996,0.16441499999999995,0.9120582000000003,0.6304789999999999,0.31440399999999985,1.5405706000000001,-0.18914540000000002,0,0,0,1
17.38104,-0.6541299999999999,6.435254,1.3097736000000004,-0.276528,2.1608210000000003,1.9014048000000006,2.5436057999999995,2.4721472,0.4327519999999999,1.5155968000000002,0.4345612,0,0,0,1
19.415980000000005,1.4576959999999999,5.005579999999999,1.1445634,-1.6422459999999999,0.8571232000000001,2.0240498,1.8016328,0.95976,0.029424799999999952,1.5113624000000003,1.3821752,0,0,0,1
9.97166,-2.7515118000000003,7.948160000000001,3.603528,2.0616109999999996,2.7897304000000007,1.6234359999999999,0.5649150000000001,1.1086860000000003,-1.0018179999999994,0.3258408999999999,0.08734059999999996,0,0,0,1
14.186295999999995,-3.9449099999999993,4.875744600000001,2.795484,1.1041779999999999,1.3958064000000001,0.18971079999999993,1.0766053999999998,1.463012,-0.6266157999999997,0.29937299999999994,-0.6775682000000001,0,0,0,1
16.912460000000003,-5.58359,5.948240000000002,2.29261,1.8214662000000001,1.9177011999999996,0.7075479999999997,0.2001286,0.6444296000000003,-0.7144842760000002,0.6490890399999998,-0.5120505999999999,0,0,0,1
14.014399999999997,-3.587886599999999,4.369547,1.3389588000000001,-0.5015520000000001,0.5506251999999999,0.196344,0.8997374,0.4392959999999999,-1.3515971999999996,1.2807781999999996,-0.15866133999999996,0,0,0,1
11.615179999999999,-6.333246000000003,3.9018787999999995,1.8218927999999999,-1.3176048,-1.0102660000000003,-1.41856346,0.5249966,0.33594623999999995,-1.8977839999999995,0.22807200000000002,-1.8386291999999995,0,0,0,1
16.6149,-2.0358409999999996,5.644545999999999,1.2624784,-0.17951600000000004,1.7064256,1.5663770000000006,2.481982,1.8882065999999997,-0.06076120000000004,1.0693639999999998,-1.3773966000000004,0,0,0,1
15.16632,-5.035406,5.3479980000000005,0.7556362000000001,-0.30216740000000014,0.6577396000000002,-0.2885412,1.1090251999999996,0.6851940000000003,-0.7051186800000002,1.4336283600000002,-0.25682606,0,0,0,1
12.340406,-4.66938,6.65505,1.0325206,0.547904,1.2187958,0.01969982000000002,1.0627238000000003,1.4825931999999997,-0.20869380000000007,1.2299632000000003,0.4834234,0,0,0,1
14.125599999999999,-4.14506,6.564604,1.725126,0.6385822,0.550048,0.38259649999999995,1.1985997999999998,1.3700159999999997,-0.17011839999999992,0.4398840000000001,-0.5124629999999999,0,0,0,1
14.325922,-2.6082313999999998,6.828784799999999,2.3657961999999997,1.8874356000000003,1.6223300000000003,0.2631966,0.8097745399999998,1.2839039999999997,-0.9813535800000003,0.6617225999999999,-0.4421086,0,0,0,1
14.837633999999998,0.321332,6.2849819999999985,2.078652,-0.9337061999999999,1.8119159999999996,1.0720837999999995,1.7799445999999994,1.2678239999999996,-0.08411799999999996,1.9840613999999994,1.1869421999999998,0,0,0,1
11.950916000000001,0.5973172,6.107140000000002,-0.5078262000000001,-0.8354409999999999,2.0895372799999996,1.1213448000000004,1.1556142,1.5646240000000007,0.47507200000000005,1.7715399999999994,1.1126506000000003,0,0,0,1
16.334419999999998,0.06727540000000004,4.400059,0.9374260000000002,0.03270140000000013,1.5648676000000001,1.8897986,1.3806459999999998,2.659702,0.857607,0.6986148000000001,0.24255599999999994,0,0,0,1
19.1266,-3.6123380000000007,5.220809999999999,-0.05896559999999997,-0.31310080000000007,1.1786116,0.6825252000000002,0.9807539999999997,1.4196280000000003,0.22183419999999995,2.1934800000000005,0.7397316,0,0,0,1
17.7352,-1.5872320000000002,5.308167999999999,-0.5778339999999998,0.6075682,-2.3746799999999997,3.0082792,0.7084068399999999,2.679769,0.38534379999999985,-0.04399339999999998,0.3761804,0,0,0,1
15.652987799999998,1.0446460000000002,3.6330086,-2.1016035599999996,1.7165329999999996,-3.7892999999999994,2.1354780000000004,-1.7677934000000004,2.989586,2.0346592,-0.9994986,-0.17216500000000004,0,0,0,1
18.423399999999994,-4.568326,-0.6975029999999998,-1.7960267999999993,-0.20359799999999986,-1.7238197999999993,3.033722,0.3331708000000001,3.1583900000000007,-0.11694780000000005,-3.204821999999999,0.9288515999999999,0,0,0,1
19.23132,-0.6450376000000001,3.297386000000001,-0.2667514,-2.1799448,0.5386706000000001,2.28677,0.24949659999999999,-0.38126860000000007,-1.3345382000000001,-0.9927700000000002,0.08363400000000006,0,0,0,1
18.34078,-1.4901939999999994,1.949608,-3.025018,0.37239000000000005,-2.3437300000000008,0.8442822000000001,-2.0393924,1.2250991999999998,-0.21219250000000003,-1.65079486,-0.6299829599999999,0,0,0,1
17.56940000000001,-3.0265660000000003,0.32745119999999994,-3.540222,-0.27255014,1.52079,2.9947414000000006,0.4665263999999999,2.174736,2.1291685260000004,-1.1413856000000002,-0.7195397999999998,0,0,0,1
17.421440000000004,-1.4979116,2.5303830000000005,-0.13901679999999997,-0.9490536,-3.3360059999999994,1.2859744,3.123689400000001,1.4167998000000004,0.6210008000000001,0.8652319999999998,0.024582200000000082,0,0,0,1
14.508184000000004,4.033360399999999,8.025178,2.6212440000000004,0.42349839999999994,-0.10332140000000005,0.6506762,0.5696284,0.4683180199999997,-0.6668774000000005,1.20223544,0.3500904000000001,0,0,0,1
14.173066,5.429888,6.378986999999999,3.730330400000001,0.5314891999999997,1.1273185999999997,1.4718130000000003,0.8088350999999999,0.9073486600000001,0.9578711999999997,0.6248078,0.27246159999999997,0,0,0,1
13.751579999999997,0.9980182000000001,7.244847800000003,3.2978359999999998,-0.09054540000000008,0.2270302000000002,0.4585170000000002,1.5815155599999997,1.1507239999999996,0.09423259999999996,1.2596746000000003,1.11116642,0,0,0,1
14.483799999999997,-2.3039434,3.4928475999999993,0.16616024000000018,0.39328120000000005,-3.712120000000001,-0.22246778,-1.6896146,2.1148786000000004,1.7345060000000003,-0.24232820000000005,1.1837589999999998,0,0,0,1
17.00966,-4.692586,-1.722762,-3.8043788000000007,-0.12232119999999991,-3.0265960000000014,-0.3603139999999999,-1.2633406000000003,1.4341072184000003,1.221422,-2.0772985999999998,-0.04682039999999991,0,0,0,1
17.958480000000005,-1.7395464,2.3014520000000003,-2.7739722000000007,-0.0934810000000002,1.27472,1.7166640000000002,-0.06199600000000004,1.2016907999999997,1.383281,1.1772526,0.875756,0,0,0,1
15.843267999999997,4.205403999999999,3.1893800000000003,2.1289248,0.6611101999999999,0.33999174,0.22417220000000007,0.5778749999999997,0.1161774,-0.24978000000000009,1.2115683999999998,1.9543690000000007,0,0,0,1
4.7802982,5.217066,4.84325,-2.1471518,1.9310727999999995,-0.9494022000000001,1.8412214,-0.06960113999999955,0.9588671999999998,-0.16941460000000005,0.8126130000000003,0.5099876000000001,0,0,0,1
15.101819999999998,1.1014400000000002,3.794136200000001,-2.8558288000000003,1.6725284000000005,0.5083222,2.6687784,-0.469557,0.5698335999999999,1.3430793999999997,-0.012239799999999978,0.24297602,0,0,0,1
19.576140000000006,-2.571087999999999,2.2799880000000003,-4.278915999999999,1.3773072,3.0241662000000002,3.527254000000001,-0.627684,1.6669206,2.9250760000000007,0.1132586,-0.06675599999999998,0,0,0,1
16.567759999999996,0.3408867999999999,2.0540624000000003,0.42094260000000033,1.8806299999999998,3.0758158000000004,1.1301199999999998,-1.4868197999999995,0.11231640000000002,0.40775729999999993,-0.16261400000000006,0.5298073999999998,0,0,0,1
12.561612000000004,0.8666546,1.4664694000000003,1.23851448,0.6528440000000001,1.4641634,0.4458759999999999,0.48277909999999996,1.5545158000000003,-0.2735838,-0.7213318000000001,-1.0077800199999998,0,0,0,1
12.18506,1.0274110000000005,4.393024,1.098327,0.9389169999999999,-0.13051568400000002,0.20653900000000003,0.7631509999999999,2.603388,1.3294880000000004,0.9400380000000002,1.0178459999999998,0,0,0,1
15.681959999999997,1.1341431999999998,2.275318,-0.9309999999999999,1.25530112,0.18274860000000007,3.2107080000000003,-1.0991036,0.8685198,1.1932391999999998,0.693644,1.3376420000000002,0,0,0,1
4.319174000000001,4.837890000000002,5.840682799999997,-1.1482160000000006,3.621722,-0.9087318000000001,1.8991204,-0.7985246,1.6595224,0.47806599999999994,1.0983858,-0.1482745000000001,0,0,0,1
3.96289,6.4718936,10.888619999999998,-0.5614468000000004,3.837786800000001,-2.3908968,2.266317059999999,-0.2357000000000003,2.2032551199999997,-0.6534301999999999,0.2524269999999999,-0.7529204000000003,0,0,0,1
13.486899999999999,2.8537239999999993,9.22088,1.4278312,0.4794416,-0.4127344,2.700218,1.0012976,0.9180809999999998,-0.2846249999999999,0.4094811999999999,-0.16025960000000006,0,0,0,1
12.91304,1.3740139999999998,7.7205999999999975,2.6204409999999996,0.10054900000000008,-0.06647540000000023,1.6453352,0.5883371060000002,-0.07037880000000002,0.27146080000000006,0.18450580000000005,0.6090522,0,0,0,1
7.6502320000000035,-0.08482919999999997,6.875646000000001,2.246028,0.11225572,1.1603339999999998,0.8444375399999998,1.0989719999999998,-0.09077312000000003,-1.8889999999999996,-0.2891232,-0.420702,0,0,0,1
13.257728,-0.5410780000000002,4.968800000000001,0.7183140000000006,-0.22211267000000018,-0.0439906,0.7700148799999998,0.9686020000000001,2.0767034,0.6429350374,0.5508799999999999,-0.04270574,0,0,0,1
17.16108,-0.8916472,3.395012000000001,-1.0053400000000001,0.5214995999999997,-5.559068000000002,2.585968696,1.6507664,2.528874,0.9756698000000001,1.2523845999999998,0.6843357999999999,0,0,0,1
10.01538,-0.1289905999999999,0.9695320000000001,-1.8349529999999994,0.8325440000000002,-3.8815729999999995,0.3080312,-0.89661338,1.8706086000000002,0.355798,-0.5928299200000001,-0.5143968000000002,0,0,0,1
18.94664,-4.00966,-1.182312,-2.6930729999999996,0.9497202000000007,-3.2864974,3.309364,2.0469220000000004,3.3057760000000003,0.5153324000000004,-2.1675962799999997,-0.5095288,0,0,0,1
19.27368,-2.838484,-0.3259068,-2.1347804,1.1491660000000001,-1.5836828000000003,2.4059604,1.9762819999999999,2.942216839999999,-0.4119894,-1.6915539999999996,-0.7661578,0,0,0,1
17.536120000000007,-6.425947999999998,-2.599434599999999,-3.371965600000001,0.6400334199999999,-1.9363760000000005,3.0188665999999995,1.9801424000000005,3.394112000000001,0.5042636,-2.6704660000000002,-1.5538675999999998,0,0,0,1
16.162899999999993,-10.98728,-6.047593999999998,-4.8783780000000005,1.4499918000000007,0.15135419999999994,2.2755304,-1.520132,0.02995960000000001,-0.8401119999999997,-1.7008015999999995,-2.0305067999999995,0,0,0,1
18.023580000000003,-4.871036,-1.7288781999999998,-1.6345162000000004,2.3889348,2.2265914600000003,1.3024580000000001,0.8813780000000001,1.8690683999999995,-0.23318233999999996,-0.6488418000000001,-1.3503178,0,0,0,1
18.252570000000002,-6.381691999999999,-0.11853780000000005,-1.1582680000000003,3.1165119999999997,-1.330038,3.7628748,1.699244,3.670362000000001,-0.1970346,-0.4952266,-1.5356721999999996,0,0,0,1
13.346557999999998,-3.2795980000000005,-2.6976134,-2.21215528,0.5615587999999999,0.28602440000000007,1.6758700000000002,2.4022196000000005,2.6682823999999994,-0.009230599999999973,-0.790239,-1.8762259999999997,0,0,0,1
18.723919999999996,-6.130842,-3.4476615999999995,-0.42958840000000004,0.3280919999999998,-1.0120779999999998,2.3084067999999998,0.26777000000000006,4.171568000000001,1.7190566,0.008134399999999981,-1.09439114,0,0,0,1
18.7798,-7.057022,-1.2439328000000003,-1.6793538,0.7068436,-1.0233306,1.3253124,1.5201588000000006,4.365473999999999,1.1978862,-0.13163377999999995,-0.2212482,0,0,0,1
17.836899999999996,-5.612809999999999,-1.7023659999999996,-1.6388842000000003,0.7315332000000001,-1.2861477400000003,3.291184,2.111768,2.2551419999999998,0.08690439999999999,-0.41057019399999967,-0.9738219999999997,0,0,0,1
15.070819999999996,-9.989739999999996,-4.996487999999999,-4.914573999999998,-0.7410701999999997,-1.83494,2.8360854000000004,0.6403696600000002,-0.14691980000000002,-1.6284988000000005,-2.1550880000000006,-0.504944654,0,0,0,1
13.408325999999995,-4.3153104,2.2965099999999996,1.6062040000000002,0.5526868000000001,-1.910727999999999,1.5475262000000003,2.3300572,1.3804236000000003,-1.2265419999999998,0.5244418,0.815762,0,0,0,1
12.056816000000001,1.2981760000000007,-1.390078,-2.9002599999999994,1.9986240000000002,-0.5896930000000001,2.5032947999999995,0.6469366400000007,1.6738426399999997,2.589728,1.0860890000000003,0.41031140000000016,0,0,0,1
13.388219999999999,-0.8270956000000002,-3.401902,-4.096822000000001,0.36512600000000006,2.1116396,2.2472446000000006,-0.347856,0.7140199999999998,1.0753179999999998,0.6813980000000001,-0.3928554000000002,0,0,0,1
20.294179999999997,-4.3549240000000005,-3.8595680000000003,-3.969578000000001,3.519554000000001,3.750758200000001,4.289661999999998,-0.9356994000000002,1.0396285360000002,1.8283064000000002,-0.011918799999999993,-1.0260956,0,0,0,1
18.298039999999997,-5.598309999999997,-3.0578980000000002,-3.1719744000000016,1.8045908000000006,2.0844883999999997,2.3215719999999997,-0.06123211999999987,1.187628,2.1454970800000006,0.04605840000000014,-0.0011961999999999628,0,0,0,1
18.93956,-4.002313999999999,-1.346504,-0.9121950000000002,1.0687487999999996,-2.6206,1.796748,1.4562082,2.900438,1.0816932000000004,-0.06667860000000006,0.18475112000000002,0,0,0,1
16.967606000000004,-5.550147999999999,-2.8774712000000005,-0.3831514,0.93319954,-2.2660586000000005,-0.9587091999999998,1.1852747999999997,2.4047350000000005,-1.4382868,-0.4999192,1.019362,0,0,0,1
20.575539999999993,-3.1147647999999997,-3.1585079999999994,-2.0073659999999998,-0.28543962000000006,-1.5452626000000003,0.9079222,2.5485507999999992,2.3026565999999997,-1.6867465999999995,-1.6412495999999996,0.28498120000000016,0,0,0,1
13.318819999999999,0.3365120000000001,2.559736,1.3986559999999997,3.3503079999999996,-2.1701726,-0.7589493999999999,3.622661999999998,3.324214,-0.49932631999999993,-1.0171580999999998,0.7432785399999999,0,0,0,1
10.736288000000004,-0.21901571999999989,0.8990996000000002,-4.731724,3.7175100000000008,-0.17246859999999997,2.6182358,-0.19751112799999976,1.809281512,-0.8451578000000001,0.08057200000000003,0.44771599999999995,0,0,0,1
11.409839999999999,0.17849199999999968,2.149992,0.18866559999999993,6.409686000000002,3.2632440000000007,1.523608,-4.732054000000001,-3.066496000000001,0.6591097999999999,1.7328961999999999,0.603078,0,0,0,1
13.568228,-3.87276,2.5087710000000008,-0.24167000000000013,3.0738037199999995,1.2835979999999998,0.850523,-1.7988415999999998,-0.5938300000000001,0.6174510000000001,1.6334803999999996,0.7657477999999999,0,0,0,1
14.408960000000004,-1.6706382000000004,6.830175999999997,3.6351587999999992,0.6005460000000007,-1.3331786000000003,2.0613964,0.03243140000000005,-0.7464527200000001,-0.6192628000000001,1.3561799999999997,0.39472180000000007,0,0,0,1
10.597560000000001,-4.124197999999999,5.657179199999999,3.1337900000000007,-0.8714823199999999,-1.4590681799999998,1.422096,0.8343639999999999,-1.7293343999999997,-1.8372218000000005,1.1529753999999999,0.2377198600000001,0,0,0,1
12.818619999999996,-3.5465830000000005,3.885553999999999,2.3481894,-0.52515066,-3.0936739999999996,1.5282649999999998,1.6431819999999997,0.057928000000000146,-1.7148590000000001,1.0146688060000002,0.6965999999999998,0,0,0,1
16.11412,-3.1823079599999993,7.454479999999997,3.4436439999999995,0.5546380000000001,-1.7156822000000003,1.5355766000000002,2.40109,0.42660800000000004,-0.27085099999999995,1.9232368000000002,1.7558149599999993,0,0,0,1
8.948048000000002,-1.4249940000000003,4.253526,2.474718000000001,0.4658808,-1.1320061600000002,1.648844,3.004994,0.11196808000000007,-0.4181301999999999,0.9865231999999999,1.663826,0,0,0,1
8.937832,0.5297119999999997,5.0387889999999995,2.0586134000000005,2.606305200000001,-0.1608677,1.121858,-0.03269399999999997,0.8263828000000001,0.21429640000000005,0.5287348000000002,0.9135163400000001,0,0,0,1
10.631699999999999,-5.288713999999999,1.4024040000000002,-1.8809401400000008,1.7050474000000002,0.13557599999999997,3.8876480000000004,1.7720742,1.0616190999999997,-1.215442,-1.3001814000000005,0.5628888,0,0,0,1
18.423140000000007,-0.828998,2.4687,1.1197938,1.8756688,0.20713920000000002,2.1433038000000004,1.0457954600000001,1.3763647999999997,-0.29233380000000003,-1.2231199999999998,0.7236910799999999,0,0,0,1
16.30028,1.8707656,3.298770000000001,-0.9916459999999998,-0.35751399999999994,-0.5222550600000002,1.4512040000000002,-0.3931844000000001,-0.0352598,-1.2969891999999998,-0.062270399999999906,0.5190345999999999,0,0,0,1
19.685819999999996,-3.305368000000001,-2.797049000000001,-5.5985344,-0.8289308999999999,2.3314200000000005,3.722516000000001,-1.516464,0.2370252,0.8770992000000001,-0.8311423999999995,1.4773089999999995,0,0,0,1
17.276179999999997,-0.5481280000000001,3.9203520000000003,0.23353199999999993,-0.35876279999999994,0.9485519139999998,1.6639179999999998,1.4962816000000003,-0.014892400000000023,-0.6006397999999998,1.4921399999999994,1.0655109999999999,0,0,0,1
16.51828,1.0441778000000002,4.7719499999999995,2.2925519999999993,0.12247599999999997,0.7660195999999999,1.5755894000000004,1.1546935999999999,0.24840200000000012,-0.22055581999999993,0.48436219999999996,0.2404606000000002,0,0,0,1
16.4686,2.4334340000000005,4.694603999999999,3.751984399999999,1.7372420000000002,1.8303799999999995,1.4982306000000003,1.7964175999999998,1.0596638,0.12761899999999998,0.1953900000000001,0.1231878,0,0,0,1
10.834753999999998,0.55971358,5.197539999999999,2.3882348000000007,1.436386,1.7207560000000004,1.796936000000001,1.4219473999999996,1.8043779999999996,-1.5637119999999998,-0.4610439999999999,-0.047322800000000026,0,0,0,1
16.743459999999995,0.14681039999999979,0.9235639999999995,-0.30298859999999994,2.0931474000000003,1.2138912800000001,2.7310771999999996,-0.8738379999999997,0.9450378,0.9420594,0.2713034,-0.7886942,0,0,0,1
16.023860000000003,-1.0789967999999999,0.3817140000000001,-0.6177260000000002,1.2137297999999994,-1.3372002,1.9000779999999995,-0.7857679999999999,0.4297319999999999,-0.31061399999999983,-0.9976727999999997,0.42074680000000003,0,0,0,1
17.1617,-4.182055999999999,1.3703659999999998,-1.8829528,-1.4982336,-2.0781838,1.1458526,0.21059200000000072,1.0559372620000003,0.2107462,-0.53741914,-0.6247069999999998,0,0,0,1
16.222939999999994,2.0346618000000003,4.006333999999999,0.640318,0.4361366000000001,0.15081842000000006,1.5273095999999997,-0.12338719999999981,1.7572118,-0.49473459999999997,0.9312826,-0.36798549999999997,0,0,0,1
12.68578,5.0736208000000005,1.7481682,3.0503509999999996,0.4306436,0.08257820000000007,1.9138525999999993,-0.2932749999999997,2.459334,0.5222948000000003,1.708561,0.07980158000000008,0,0,0,1
12.800839999999999,4.7847084,7.522802,1.0840679999999994,3.711332,-2.717762,2.891178,-1.8655742000000002,-0.6460788000000001,-0.08428360000000003,-0.09335640000000003,-0.15043480000000006,0,0,0,1
13.693460000000002,-2.1309820000000004,5.489926600000001,-2.155259,0.8423836,-1.3312203999999994,1.7276239999999998,0.08518900000000007,1.7594878,1.3420036,-0.9384519999999997,-0.24456877199999996,0,0,0,1
16.040859999999995,-3.3131350000000004,4.487384,0.3807527000000001,0.24425240000000004,-4.05951416,1.9151200000000008,1.4183923600000004,2.0158471999999996,2.0234088,-0.8020120000000004,-0.24649782,0,0,0,1
10.981623999999996,0.7800072000000001,8.205580000000001,1.6986406000000003,0.5914426000000002,-5.174725999999998,2.0137026000000016,0.016974999999999966,-0.32717479999999993,-1.4356456799999997,1.2419032000000003,1.5945927999999996,0,0,0,1
8.77202,3.3721094000000007,8.70798,-1.8675328000000007,2.4278687999999997,-2.531632,1.3057082,0.534216,0.9412192,-0.7980470400000002,-0.7519939999999999,1.4909839999999996,0,0,0,1
12.473660000000002,-0.2570706,5.8715959999999985,2.8077129999999992,1.9824998,1.5935683999999997,1.8529019999999996,1.6815280000000001,2.1549059999999995,1.0052739999999998,1.2147092,0.7278867999999998,0,0,0,1
12.623980000000001,-0.2728184999999998,4.444057999999999,2.0178624,-0.15198220000000012,-1.7868825399999997,1.6149922000000005,-0.8539519999999999,1.35877106,1.16965698,0.753581,0.8149803200000001,0,0,0,1
6.43268,6.192134000000001,9.7562,0.6090916799999998,3.09663,-2.2138916,2.23196,-2.0609105999999993,2.5731446,-1.7951439999999999,0.7488817999999999,-0.8353288999999999,0,0,0,1
10.008379999999997,3.0436959999999993,7.794163600000001,1.5366905999999998,0.9607548000000001,-1.3396100000000002,2.3638571999999995,-0.23078120000000002,2.0951079999999997,-1.2563920000000002,-0.06685819999999999,-1.6175835999999995,0,0,0,1
12.179979999999995,6.24202,6.967769999999999,2.6213574000000004,1.6732919999999998,-2.233686,2.3626820000000004,-0.9356546399999999,0.9682920000000003,0.586264,0.7171064000000001,0.26728079999999993,0,0,0,1
10.390392000000002,-0.7033940000000001,6.980559999999997,1.6685580000000002,0.21837800000000016,0.71809526,1.586176,2.4578315999999996,-0.17181800000000003,-1.0259718,0.1249382,-0.0015880000000000028,0,0,0,1
7.010389600000001,0.09625600000000008,8.520843999999997,-0.7441266399999995,1.0702207999999998,1.07127848,-0.8153116000000002,1.626476,0.1769368000000001,-0.7070500600000001,0.6277675999999999,-0.8647420000000002,0,0,0,1
13.567440000000001,-0.28454,8.183580000000001,1.8503880000000001,0.9961780000000001,0.4720655999999998,1.021976,0.9292900000000001,1.3575168,-0.14060822000000006,1.1719006,0.20051599999999997,0,0,0,1
16.397539999999996,-0.42803299999999994,6.014919999999998,0.6149179999999999,-0.22986359999999992,-0.6227456000000007,0.400954,0.2388619999999999,0.46537740000000005,-0.15437659999999986,1.3795714,-0.4529331999999999,0,0,0,1
18.674120000000002,-4.091518000000001,2.12323102,-0.15333000000000024,0.7680919999999999,-1.090162,1.7040364000000006,1.229299,2.4308159999999996,0.3880595999999996,-0.19171640000000006,-1.7450675999999998,0,0,0,1
19.003780000000003,-4.859308000000001,-2.3138179999999995,-4.3405932,-0.06326147999999994,-0.8227700000000004,3.0172019999999993,1.9093753999999998,2.3608662,-0.4121936000000001,-0.21125032000000005,0.07963465999999995,0,0,0,1
19.87596,-2.5810200000000005,-1.26738,-0.522226,2.5789997999999996,-2.3192184000000005,-0.7252520000000001,-2.996012,0.666402,0.9624651199999998,-0.6647538000000001,-0.058007999999999935,0,0,0,1
17.61968,-3.9995659999999997,-1.01233,-3.1366936000000005,1.17892,0.40467020000000004,-0.05101280000000008,-1.3233179999999998,0.7965401999999999,0.4512966,-0.8086299999999998,-1.06605992,0,0,0,1
19.405959999999997,-5.832293600000002,-3.620451400000001,-5.2962799999999985,-1.7657740000000002,0.21114320000000006,0.6768569999999998,-0.9005448000000001,1.2423381999999998,1.085055,-1.3320037999999996,-1.5139739999999995,0,0,0,1
19.46668,-2.7921585999999996,-1.3642320000000001,-0.22824039999999995,1.5742171999999997,1.8574979999999994,0.09928000000000005,-0.018328999999999977,1.8773144000000002,0.9012,0.6615462,-0.6904058000000002,0,0,0,1
18.670260000000003,-1.5104039999999999,-0.5378202600000002,2.7736699999999983,4.490885999999999,2.3964019999999993,-1.5979148,-2.053302800000001,1.3674731800000002,1.5746099999999998,1.2130379999999998,-0.26739744000000004,0,0,0,1
16.125680000000003,-5.054926,-0.2611739999999996,0.1282891999999998,4.810853999999999,2.599788,1.6667542,-2.7285627999999997,0.3510218,0.896791,1.051937,-0.9764448000000001,0,0,0,1
16.02362,-6.152901999999999,-3.154214600000001,-2.7926279999999997,2.8373859999999995,1.1947893999999992,1.6346279999999995,-1.5966310000000001,2.92866,0.9969959999999999,-0.3627954,-0.310242,0,0,0,1
17.02586,-3.17389,3.0182759999999997,0.9420991999999999,1.8448799999999994,-3.434966,0.46998324000000025,-1.4857036000000008,0.007182600000000079,-0.7679996,0.5601209999999998,1.871445,0,0,0,1
14.781604,-4.868116000000001,4.066799999999999,-0.07894240000000007,-0.8141726000000005,-2.7009593999999995,-0.02035340000000006,0.022959999999999963,1.0252125399999998,-1.1940395400000001,0.126081,0.5598812,0,0,0,1
13.883175999999994,-6.292859999999998,-0.7394319999999993,-2.682633,-2.5229336,-6.012704,0.5622407000000001,1.99584,3.288954,-1.085688,-0.7560002000000003,-0.29368279999999997,0,0,0,1
16.314680000000003,-3.7000639999999994,4.9763839999999995,2.416002,1.1600968,-0.6465987999999999,0.9526034000000001,1.288472,2.389994,-0.2992824,0.7390161999999998,1.6991186000000003,0,0,0,1
16.473999999999997,-0.8105080000000003,-1.9906179999999996,-4.268941420000001,1.9227346000000005,0.5324331999999999,1.2919370000000003,-3.176076,0.21239519999999998,1.2749148,0.10805719999999998,0.44024403999999995,0,0,0,1
15.512700000000002,-4.153514,1.370402,-0.35877400000000004,4.050275999999999,0.9770524000000003,1.8239979999999993,-2.7307580000000002,-1.7350311400000005,-0.7793941999999998,0.9497102000000001,1.9225152400000005,0,0,0,1
14.552579999999999,-2.8030202,3.2611799999999995,-1.4127920000000003,3.1997203999999995,-0.08821519999999985,1.3827355999999997,-2.3179579999999995,-2.344048,-1.7083890199999998,1.7628795999999998,2.7760599999999993,0,0,0,1
18.54466,-6.641802,-1.4147799999999997,-1.8674082,3.8544679999999993,0.519707,3.10566422,-0.32394619999999996,0.40662780000000026,-0.09435739999999995,-2.1189334,1.070089,0,0,0,1
15.467800000000002,-5.806121600000001,0.26554679999999986,-0.8939119999999997,2.0871178,-0.40085400000000004,2.9329334000000005,2.2284840000000004,2.7826074,-1.0500606000000001,-1.5692667999999994,-0.10062659999999995,0,0,0,1
16.662746,-3.1618086,0.4113392000000002,-1.8507310000000001,0.12010379999999994,-6.333064,1.1841730000000001,2.1784960000000004,4.100758,0.16411359999999997,-1.5837877999999999,-0.5600546,0,0,0,1
16.81922,-2.1229286000000003,1.820813,-0.34412152000000007,0.8413825999999999,-1.172887,0.11825820000000004,2.3306599999999995,4.8814269999999995,0.35114924000000003,-0.93564072,1.1247698000000002,0,0,0,1
18.381499999999996,-0.18218999999999996,1.2859718,1.6269980000000002,2.8807560000000008,-0.8097134,-0.27541280000000007,1.5533136000000005,2.5800137999999997,-0.9204059999999998,-1.148052,0.7512479999999998,0,0,0,1
12.592554,0.5341843799999998,2.861975999999999,-0.010916600000000418,6.6447,2.6130280000000004,1.59471844,-4.644699999999999,-2.1348420000000004,-0.6313858000000002,1.9269820000000002,1.2251485999999998,0,0,0,1
16.087299999999992,-1.4078502159999997,2.8541810000000005,1.3244303999999998,5.357593999999999,3.1108399999999996,0.4470740399999999,-4.3209539999999995,-2.754494,0.7514896,2.348445200000001,1.401106,0,0,0,1
17.310279999999995,-1.4331624000000005,5.964979999999998,3.9362034999999995,1.586113399999999,0.35457319999999953,1.9284898,-1.1526651999999997,-2.5120000000000005,-0.8573386000000001,0.9438847999999997,-0.26439593999999994,0,0,0,1
12.432739999999999,0.5213644000000001,8.356872,3.3707620000000005,-2.2230479999999995,-2.1622550000000005,1.771088,0.4206228,-2.2006956000000004,-0.6591862,1.6618255999999996,1.0785803999999999,0,0,0,1
7.970512,-3.751782,6.332889999999999,3.2090729999999983,-1.1815896000000001,-4.4843596,0.3010488,0.4514759999999999,-1.5140218,-2.8385714,0.6108166,0.8516797999999999,0,0,0,1
14.400139999999997,-2.1243006,6.824461600000001,4.419232000000001,1.0579668,-0.008480000000000066,3.2228572000000004,3.921216,0.9428878000000002,-1.8480966,0.4898344000000004,0.7756523999999999,0,0,0,1
12.996808000000001,-3.079333999999999,8.288982,3.3171764000000006,-0.8087012,-2.805881199999998,2.5501199999999993,3.0560399999999994,1.8651080000000004,-1.1155419999999996,0.24343343200000012,0.2571732,0,0,0,1
12.327940000000003,-0.186918,9.809440000000002,7.842324000000002,1.06387,-1.7119298000000003,2.1597240000000006,4.268402,0.23227760000000003,-2.4322940000000006,1.1481028,1.5692522,0,0,0,1
14.474,2.3036695999999997,6.304549999999998,5.549712,1.171468,0.7701028000000001,2.7926160000000007,3.057140800000001,-0.36998680000000017,-2.3783429999999997,0.7015560000000001,1.6416674000000002,0,0,0,1
17.49996,3.268232000000001,9.52882,3.161221000000001,0.2658846000000002,0.7571920000000002,1.7456905999999994,1.8500499999999998,0.6226979999999999,-2.1472644,-0.8330618,-1.1117628000000002,0,0,0,1
9.765499999999998,2.567375,6.7917640000000015,2.2118620000000004,0.27382040000000013,1.2283321999999999,1.564688,2.1136279799999995,1.3861700000000001,0.5109405999999996,0.1737602,0.37671036,0,0,0,1
11.200224000000008,3.517675800000001,3.5932419999999996,0.17174059999999997,-0.6368411999999999,0.336276,1.9882899999999992,-0.6150997999999999,0.5187248,-0.1935014400000002,0.13767599999999994,0.9375163999999999,0,0,0,1
14.167641999999999,-1.4960636,5.922755999999998,-0.6957642000000002,1.5798544000000003,-2.6071407000000004,1.6446599999999998,-0.14320481999999998,-0.41571785999999983,-0.6287030000000001,-0.9649815999999999,0.5487694000000001,0,0,0,1
15.46178,-2.5258388000000003,2.130246,-0.8734662,0.8191713999999998,-2.8881646,2.4038000000000004,0.21011460000000007,1.5630067999999997,0.29742800000000014,-1.2615890000000003,-0.12122279999999996,0,0,0,1
16.6780506,0.16798579999999955,2.2416,-2.2064152800000008,1.5322300000000002,-2.2563014,2.8226146000000005,-0.9114820199999997,1.1850182000000002,0.4854754,0.18588899999999994,0.9415932000000001,0,0,0,1
15.38356,-1.429486,3.350011999999999,0.3817785999999998,1.3315080000000001,-4.072386799999999,4.088276399999999,-0.1408279999999997,0.5560952,0.18688420000000014,1.0586372000000006,0.09305220000000004,0,0,0,1
14.54204,-5.5893880000000005,-0.4698371999999999,-1.4645259999999993,2.143527999999999,0.2909947999999998,3.0187200000000014,0.9204944,1.1482472,-1.4968899999999996,-1.8986716000000008,-0.5726070000000002,0,0,0,1
14.452718000000004,-0.41223759999999987,1.9196257999999995,-0.5096782,1.5032380000000003,-0.3629828,0.0010839999999999695,-1.2082175199999998,0.38950200000000007,-1.0536443999999998,-0.19511500000000012,-0.8260104799999999,0,0,0,1
11.310580000000002,1.1419039999999996,1.234546,-3.7806042000000004,-1.519204,-3.1387720000000003,-1.0787442,-3.7306480000000017,0.43627180000000004,-0.8943740000000001,-1.9668839999999994,-1.9702196,0,0,0,1
14.124259999999998,0.02610199999999989,2.522122,-0.7507599599999996,-0.152666,-0.5616827999999999,0.5344838,0.055478639999999996,1.8438458000000002,1.3906920000000003,0.9746723,-0.5363768000000001,0,0,0,1
16.55692,-0.6346388000000003,1.005362,-2.6861,-0.7484518000000001,-1.0849468,0.8155209799999997,-2.0491466599999995,0.7599938,0.4854319999999999,0.8886687999999999,-1.0684037999999996,0,0,0,1
14.811139999999996,-1.8125919999999995,3.66014,-2.5809513999999996,-1.437328,-3.147348,0.18021160000000017,1.2344597999999998,4.151136000000001,1.4850445999999993,0.3424893999999999,-0.6048157999999999,0,0,0,1
10.057990000000004,1.7726880000000003,7.143119999999998,-1.1009058,0.5107159999999997,-3.043704400000001,1.5056978,-0.010736020000000157,2.4014058000000005,0.80635,0.9515508,-0.457379,0,0,0,1
15.116520000000003,1.119622,5.3365399999999985,-2.1968622,-0.6796122,0.4889794000000001,2.368312,0.5852897999999997,-0.25376680000000007,-0.804156,0.1887024000000001,1.7931973999999997,0,0,0,1
14.552416000000004,0.9206056000000004,4.317006000000001,-2.832124,-1.5766200000000004,0.08516220000000001,0.77774426,0.31298200000000004,1.1488942000000002,0.25572820000000007,1.239719,0.7403576000000001,0,0,0,1
13.565639999999998,-4.699161999999999,2.315826,-4.7384879999999985,-1.4166359999999998,-1.9881232,0.14913300000000004,-2.4406836000000003,-0.6083720000000002,-2.3545480000000003,0.22601800000000008,0.7778670000000001,0,0,0,1
15.129679999999999,-0.7924346,6.129426,-1.0005631999999998,0.7741880000000001,-3.3578699999999992,1.2827247999999998,-0.08567780000000003,-0.292008,-1.7532960000000002,-0.29130750000000005,0.105006,0,0,0,1
16.309119999999997,-4.644445999999999,2.9767400000000004,-1.320357,1.3202840000000002,-3.0056130000000003,2.4713161999999995,-0.07112999999999997,1.3313266000000001,-0.5865818,0.08512579999999996,0.2686241200000001,0,0,0,1
20.711799999999997,-3.596884000000001,-0.6904271999999999,-0.5041316,1.8343736000000002,-2.019815000000001,3.6934079999999994,-1.6887328,2.250625,1.591544,0.8122943400000001,-0.517329882,0,0,0,1
15.86602,-5.347865799999998,2.565337999999999,-1.2748224000000006,2.6681860000000004,1.2841594,2.3512523999999995,-1.7575740000000004,2.5438780000000007,-0.15500279999999997,-0.4029511999999997,-1.3072485999999999,0,0,0,1
15.5042,-5.445562,1.0798802,-2.0572624000000004,0.2109879999999999,-1.4858908000000002,2.27666114,2.0407370000000005,2.7918859999999994,-0.7925586,-1.4936360000000002,-1.8406522,0,0,0,1
17.000000000000004,-2.8443200000000006,1.5299569999999993,-2.4637339999999996,-1.5083400000000007,-4.025242,0.41713639999999996,2.3883059999999996,3.121564,0.24997060000000007,-0.6791711999999999,0.27522,0,0,0,1
14.745860000000002,-4.9685302,0.30026172799999995,-5.014404,-3.421039999999999,-6.7884,-0.9381286000000002,1.0476759999999998,2.728548,-1.5103864000000002,-1.4587866000000003,-0.9537396,0,0,0,1
16.027212,-0.2084884000000002,2.652403999999999,-2.0576834000000006,-0.9374936000000007,-1.693638,-0.8006022000000002,0.04766599999999986,2.2512359999999996,1.4210178000000002,1.4367106000000005,-0.15675046000000006,0,0,0,1
18.759120000000003,-1.5123220000000002,1.257275,-3.295242,-0.8992467999999999,-0.3749684400000001,1.7781200599999993,-0.9061500000000001,0.07446999999999983,-0.014272539999999955,1.2340797,-0.9133718200000003,0,0,0,1
15.03362,-2.1852498,1.62660366,-3.9920859999999987,0.16065,-3.0037979999999997,-0.21702834000000007,0.8893139999999998,5.384600000000001,2.163692,-0.20154428000000016,-0.49421879999999996,0,0,0,1
17.333,0.17773599999999995,5.65248,-0.9562566000000003,0.510758,-2.664778000000001,0.26285000000000003,0.5519269999999998,3.31419,0.6130572000000001,0.4321808199999998,-0.19944119999999999,0,0,0,1
16.06946,0.15105400000000008,4.393522,-0.90495714,-0.3642168,1.030314,1.8360436000000004,0.5293862,-0.22372799999999995,-0.9187029999999998,1.3681585,2.1448755999999993,0,0,0,1
16.08272,1.5083906000000005,3.676259999999999,-3.4289100000000006,-1.8332196000000003,-0.23334079999999993,1.1988855800000002,-0.023654800000000045,1.1489664,0.31237913999999994,2.1160778400000004,1.4429242,0,0,0,1
10.29609,-4.5174782,1.2102188,-4.176838,-2.820146200000001,-2.2372957999999996,-0.6734176,-1.703306,-0.037738200000000145,-1.2508325999999999,-0.15559120000000004,1.2442975999999997,0,0,0,1
13.38104,-0.374962,4.441064000000001,-1.28023056,0.6053256,-2.39114,1.2263003599999995,-0.5539791999999999,0.09049400000000003,-0.9598250000000002,-0.5439656,0.31639219999999996,0,0,0,1
13.706528,-2.8460680000000007,3.1924600000000005,-2.097046,1.443915,-1.9519683999999997,3.162618,-0.17108800000000002,2.0305728,0.053607400000000034,0.26156976,1.2907142000000003,0,0,0,1
15.394400000000003,-2.3646004,3.8078399999999992,-2.0163444,0.7711919999999998,-0.5715004,2.08369682,-0.0033530000000003657,1.2116205,-0.026273600000000084,0.19279358,-0.1209820399999999,0,0,0,1
17.057999999999996,-3.8756559999999984,-0.49552539999999967,-0.9231607999999996,3.9845099999999998,-0.0231583999999998,2.5895349999999997,-0.6686224000000003,0.7996732000000002,0.6490506,-0.23346199999999986,0.8441395,0,0,0,1
13.964159999999998,-2.7910192,2.8687720000000003,-0.7287716000000001,1.2834651800000003,-0.8292059999999999,1.9724268,-0.7565165999999998,1.1059242000000002,1.0920372,-0.051620079999999985,-1.1212023999999998,0,0,0,1
18.109599999999997,-0.9770559999999997,-0.17749999999999969,-2.399164,-0.20123379999999996,1.2340078199999998,1.6259138000000002,-2.7005609999999995,0.007782600000000006,-0.15513684000000005,0.22425740000000002,0.56142434,0,0,0,1
17.3774,0.8390753999999998,2.906200000000001,-2.87210756,-0.7410946000000003,-0.6895178,-0.8099279999999999,-2.9053080000000007,1.4438862000000001,0.3433896000000001,-0.57670198,-1.7454496,0,0,0,1
16.940039999999996,-1.7012382000000006,0.20568720000000024,-5.702726000000001,-0.8794080000000001,1.6331560000000005,1.1882849999999998,-2.1445146,0.7851039799999999,0.4584279999999999,0.33689240000000004,0.3460084000000002,0,0,0,1
15.665159999999997,-1.2712855999999997,3.3359114,-2.62368,0.516154,-3.1518147599999997,0.8648335999999996,-0.8540868619999997,3.4833159999999994,2.427206,0.09502612199999995,-1.2851036,0,0,0,1
13.158540000000006,-0.6524556,2.9331481999999993,-3.1817141200000005,-1.4977419999999995,-0.5361157199999999,-0.04094842000000009,0.5401920000000001,1.4649698000000004,-0.24617020000000003,0.64204,0.13277620000000007,0,0,0,1
20.297680000000003,0.7918080000000001,1.0447033999999993,-4.688544,-0.3512366,1.9648879999999997,3.0695610400000004,-1.0979863999999997,1.0206024,-0.35458059999999997,0.6495940000000003,1.4097882,0,0,0,1
17.265819999999998,-2.015075999999999,2.3665495999999995,-2.1406186199999997,0.8179258,1.1336254000000001,2.896136,1.2375299999999998,0.022896000000000017,-1.3908280000000002,0.6544244,1.8328774,0,0,0,1
16.923388000000003,1.8498624000000004,2.7108860000000004,-2.618724999999998,-1.5424764,-0.022208639999999922,1.9193026,1.333914,1.1690716599999997,-0.3962034000000004,2.365576000000001,1.6052043999999999,0,0,0,1
12.307179999999995,-3.1716840000000004,1.4936119999999997,-5.0114040000000015,-2.6114004000000004,-1.9871719999999997,0.5765026199999999,-1.019552508,-0.3896439999999999,-1.6900920000000001,0.967853,1.7589440000000003,0,0,0,1
14.43154,-0.5161260000000002,3.88078,-0.3985135999999999,-0.22947564,-1.0992405279999995,0.3763790000000001,0.10709200000000006,1.7394918000000004,-0.899242,0.22835483999999998,0.5693288000000001,0,0,0,1
17.168320000000005,-3.114917200000001,2.487923999999999,-2.9211502,0.44742132000000007,-0.08277540000000007,3.3304750000000003,0.36340740000000005,1.9455780000000007,-0.43294520000000003,-0.06610579999999996,-0.48641819999999997,0,0,0,1
15.53938,-2.0778559999999997,2.4531742400000005,-3.563740000000001,0.6561387999999999,-1.347936,2.679758,-0.9921171999999998,2.4412359999999995,0.8493417999999999,-0.14944679999999988,0.1515348,0,0,0,1
19.147833,0.308282,2.5523118,-2.7224258000000003,0.9147880000000008,-0.14319160000000003,2.520668,-3.1132780000000007,1.7123000000000004,2.276938,0.4485572,-0.18457144000000006,0,0,0,1
15.858399999999996,-2.7071000000000005,3.3127759999999995,-1.2653312599999993,1.0527324000000002,-0.8015323999999999,1.9554539999999998,0.005031999999999932,1.107619,0.2861218,0.42229687,-0.7584437600000001,0,0,0,1
14.435540000000001,-1.305568,3.0206660000000003,-0.2836117999999999,0.483442,-3.707624000000001,0.7973619999999997,-0.13837919999999998,0.9180868,-0.11541172,-0.2980246,0.38982780000000017,0,0,0,1
13.299759999999994,-3.8139947999999992,4.478469999999999,-1.6353980000000001,-1.1116063999999999,-5.129838000000001,-1.0564919,-1.6414882000000004,-0.6406018,-1.1825874,-0.6488645999999999,-0.45038580000000006,0,0,0,1
12.967220000000005,-1.9610680000000003,4.290003999999999,-2.8087280000000003,0.4829476,-5.1214200000000005,-0.21011619999999995,-1.3789359999999993,1.2053836000000004,-0.7282816800000002,-0.6471524599999998,0.3132869999999999,0,0,0,1
16.005199999999995,-5.481934,0.31402540000000007,-2.2075876,-0.5606126,-2.464352,1.6142339979999998,2.36558,3.3365020000000003,-0.3216661999999999,-0.1688578,-0.7814722000000001,0,0,0,1
13.642200000000008,-1.4845187799999997,0.055111800000000016,-2.4396654,0.4331537999999999,-0.5112924000000001,0.3361330000000002,0.7569180000000002,2.4494454,0.9675526000000001,0.39990380000000025,-0.3802048,0,0,0,1
20.1578,1.7153313999999997,2.5089310000000014,-4.602810000000001,-1.0107196,0.9892217999999999,1.9519564000000003,0.1086885999999998,1.7550366,-1.0536812,-0.09938940000000013,-0.32719640000000033,0,0,0,1
14.883939999999997,-1.2008180000000002,2.305132,-3.6181290000000006,-0.5423553999999998,1.0574658,2.2951813999999997,0.44646260000000004,0.7692490000000001,-0.7615149999999999,0.7143054000000001,1.2120630000000003,0,0,0,1
18.384240000000002,-0.09820800000000013,2.1782450000000004,-3.9506019999999995,-1.3029174360000002,0.5267401999999999,2.491916,0.13024253999999996,1.0437668,-0.46011300000000005,2.251522,1.4065388,0,0,0,1
12.812520000000001,-2.8959776,1.4590936000000005,-4.9001962,-3.1955579999999997,-1.1124048,1.31537258,1.05911208,0.8487642000000001,-0.9910080000000001,1.3289180000000003,1.8450230000000005,0,0,0,1
13.317048,-0.9436215999999998,1.9454958000000002,-2.0170540000000003,-2.915119,-1.4071118,-0.6138191999999999,-0.1304590000000002,0.05420600000000017,-0.9575423999999998,0.26682208200000007,0.6491612000000001,0,0,0,1
15.341839999999998,-2.5452052,5.0980479999999995,-0.6591834,0.21847579999999994,1.2971629999999996,2.9234500000000008,1.1992134399999999,-0.42864919999999995,-1.260887,1.409544,2.0311660000000002,0,0,0,1
10.747599999999998,-0.5465040000000002,2.3686272,-0.896506,0.39841590000000005,-0.52676314,2.2555555999999997,2.6863078000000002,1.8446839999999995,-0.8282671999999998,-0.29787600000000014,1.4787688,0,0,0,1
14.49212,2.0087526,5.215979999999999,0.47299199999999947,1.0226582,-2.8572399,2.279318,-1.036468,1.2709798000000003,-0.46085240000000005,0.11232859999999999,0.569576,0,0,0,1
14.714599999999997,-1.0068144,3.7964079999999996,0.08843659999999992,-1.1457784,-2.3282619999999996,0.021214000000000094,-0.18718840000000003,2.088445,0.007374199999999935,0.3786260000000001,-0.4081592000000001,0,0,0,1
17.060520000000004,-0.6983504,3.536887999999999,2.0274856,-0.01211420000000001,-1.8160016600000009,1.3391354000000002,0.28891054000000005,1.2861196,-0.7210173599999998,1.343494,1.1923400000000002,0,0,0,1
9.126027999999998,2.4372420000000004,5.430872000000002,-0.19084000000000007,0.6984424000000001,-0.5128859999999998,0.8218699140000002,-0.8324175999999998,0.7647128000000001,-0.5783626000000001,0.26395740000000023,-0.3130432000000001,0,0,0,1
12.270738,-0.21282239999999994,2.06281,-2.1261480000000006,-0.34469920000000004,-2.7766374000000007,1.485276,-0.7035268000000003,2.8989325999999993,0.7521546000000001,-0.6239690000000001,-0.49016799999999994,0,0,0,1
18.50764,-2.8911376400000006,1.8705042000000003,1.8192912,-0.07584900000000003,-2.9739320000000005,-0.5191492000000001,0.28698799999999997,1.2243302000000005,0.6965759,0.21327720000000006,0.9274900000000003,0,0,0,1
9.830662,4.9183379999999985,2.6997639999999996,2.7242280000000005,2.0058700000000003,-0.05105800000000003,0.18877299999999989,0.9813760000000002,0.5569354000000003,0.2415966,0.21217139999999998,0.25329840000000003,0,0,0,1
10.316683999999999,4.706712,9.408420000000003,2.4741097999999995,0.4962168000000001,1.8267180000000003,1.9130298000000001,1.4988028000000007,1.783972,-0.0031440000000000135,-0.37683842,-1.6970376000000003,0,0,0,1
13.275319999999997,0.23940500000000015,4.998173999999999,1.4137039999999998,0.7542442000000001,1.4540534,1.2158082000000001,0.11343820000000006,1.3839982,0.9943501600000002,0.10473759999999993,-0.02433858,0,0,0,1
18.184600000000003,-2.8252112000000005,0.8543676000000003,-2.21884,1.797856,-0.7142478,2.9647360000000003,0.1819391999999999,1.4439612,0.4399377999999999,-0.4486100000000002,0.8640790000000002,0,0,0,1
11.322040000000007,-0.6487234000000001,5.1426444,-1.5819779400000002,0.19610599999999997,-1.1289240000000005,1.9757654900000003,-1.0478446000000001,0.8694240000000001,-0.9993099999999999,0.03741280000000005,-0.15004180000000006,0,0,0,1
15.434294,-4.107689999999999,0.2938748000000002,-1.2004124999999999,-1.2918740000000002,-1.8967331999999997,0.8345646000000001,-0.005649000000000015,1.26452,-0.9003638,-0.45841219999999994,-0.6964054000000002,0,0,0,1
16.4691,-0.10966400000000004,5.283329999999999,2.7155769800000003,0.8164596000000002,0.9586351999999999,0.5192208,1.562311,1.2391004799999998,0.40573400000000004,1.02031666,0.2277736199999999,0,0,0,1
13.905679999999997,-1.1722708000000004,7.257038,1.55368,0.18803740000000002,0.8466450599999998,1.1076048,1.3274018,1.28577766,-0.38433059999999986,2.2420679999999993,1.026314,0,0,0,1
15.017839999999996,-0.37896046000000033,2.7085980000000007,0.4001951999999999,1.1114165999999999,-1.98357,1.7832515999999998,-0.21704019999999985,3.4658053999999994,0.11914960000000001,-0.8825455999999999,-0.50728938,0,0,0,1
14.56784,-2.8158652,3.636229120000001,-2.034548,0.739892,-3.38506,2.5220130000000003,0.9426313000000002,4.9294660000000015,0.53286962,0.23845955999999993,-0.45941280000000007,0,0,0,1
20.611551999999996,1.0302462000000003,3.4722479999999996,-0.17154419999999987,0.7407171999999999,-0.5034845999999998,2.670842000000001,0.4812157599999999,2.918865400000001,1.0136318000000006,-0.002562799999999992,0.8157288000000001,0,0,0,1
11.136056000000002,2.929858000000001,6.92806,1.0526322000000001,1.3941269999999997,1.7065749800000003,0.8527206,1.5587077999999996,1.573007,-0.10523599999999994,0.558757,0.5432368,0,0,0,1
7.056247999999999,0.8665759999999999,4.4884699999999995,1.8168119999999999,-0.12408479999999997,0.4739514,0.5189736000000003,1.4658449000000007,1.5671755399999991,0.42176,0.34881754,0.5090667799999999,0,0,0,1
7.794238599999999,1.3628540000000005,8.525576000000003,-1.9403160000000002,5.313751999999998,-0.14383099999999951,2.7966264000000005,0.14393701999999992,2.8153748000000007,-0.9573879999999998,2.0159380000000002,-0.1844404,0,0,0,1
9.608974000000002,5.447700000000001,3.7391308,-2.8737446000000015,1.5501140000000004,-1.084136180000001,1.3197057999999995,-1.54157972,-0.17779299999999992,0.6666566000000002,0.6410158000000001,-0.10283620000000006,0,0,0,1
7.788173999999999,2.288534,8.725060000000001,1.4949249999999998,2.8515220000000006,0.9765573999999999,0.8830393999999998,-0.16868439999999993,2.0166884,0.2987914,0.11602200000000003,-0.6235363999999999,0,0,0,1
17.82552,0.21654900000000002,2.587908999999999,-2.5689411999999994,-1.6157397999999994,-1.5528299999999995,1.030888,-1.8694499999999994,2.4807508,2.6332840000000006,1.1761724,0.20825419999999994,0,0,0,1
16.860079999999996,-0.9456100000000004,2.9919408,0.804894,-0.33852999999999994,-0.2664405,0.2640598,-0.0336667799999999,0.8852012,0.9479289999999995,1.3751120000000001,0.3997084,0,0,0,1
15.916839999999997,0.8832888000000001,4.370090199999999,0.008591879999999712,0.46566539999999995,0.685778,1.3688132000000002,-0.32999187999999974,0.4314756000000003,-1.6030425999999993,1.0980631000000003,-0.07766516000000002,0,0,0,1
13.092208000000001,1.1801333999999999,5.582700000000001,3.0189,-0.2926907999999997,-0.6825284,0.8716305999999997,0.4334362,-1.2093568000000003,-2.109048,-0.5744848,-0.3508702,0,0,0,1
15.071640000000002,-0.5121256000000004,5.670065999999999,1.248236,1.17884,0.6692039999999997,2.0786036,2.0950974,2.1171185999999995,-1.0370636,-0.7987658799999999,-1.107848,0,0,0,1
14.154900000000003,-1.7316507999999997,5.059456,1.0711705999999994,-0.2959072000000001,-4.937808,2.307970800000001,1.3014021200000006,-0.495,-0.8979346000000001,0.6678424,-0.8687948000000003,0,0,0,1
15.863880000000004,-2.207104,5.257407999999999,1.566432,1.0327622,-3.2433228,1.540976,0.27577451999999975,0.9462516,-0.8604206400000005,-0.7710114600000003,-0.47965440000000004,0,0,0,1
13.412659999999995,-3.423126999999999,2.4671720000000006,-1.7349152,1.3214747799999997,-5.396758,3.576394,0.7256396,1.29211,-2.533518,-0.8846776,-0.15749320000000014,0,0,0,1
14.90606,-4.279412000000001,3.3071919999999992,-1.7343740000000003,3.4685956000000004,-3.8146201999999994,3.108112000000001,-0.6257918,2.1865572,-2.6505532000000005,0.776168,-0.8620679999999998,0,0,0,1
14.331403000000005,-3.06468,0.5346668000000003,-0.02768599999999986,4.5934298,-1.258592,-0.49570119999999984,-2.28705178,1.3080733999999998,-0.17237080000000005,-0.31549371999999987,-0.55020408,0,0,0,1
12.440140000000001,-8.172640000000001,-7.36924,-4.273153200000001,-0.9114872599999998,-4.073411999999999,0.17416600000000002,1.9776957999999996,2.4981009999999997,-1.3369942800000003,-2.7008579999999993,-1.0822442,0,0,0,1
16.412159999999997,-2.888289999999999,-0.7043860000000002,-0.59432082,2.91894866,-0.21729359999999978,0.6105404799999999,0.49027800000000016,2.8867459999999996,1.5080479999999996,0.06452598000000007,-0.43806324,0,0,0,1
18.732869399999995,-4.340690400000001,-3.1106920000000016,-2.346036,0.48768500000000004,-0.22613339999999993,1.3189251999999998,0.6836133599999998,1.4844270000000004,0.65413368,0.2900351999999999,-0.13330780000000006,0,0,0,1
11.089714,-0.9020681999999998,-0.524492,1.3463723199999997,4.081867999999999,2.32722824,0.14645879999999997,-1.1197542400000002,0.8906706,1.128708,0.24312276,-0.37321027199999995,0,0,0,1
15.30702,-6.068822,-1.6103800000000004,-1.3819450000000006,3.10172262,-0.6919528000000001,2.82906962,0.03778858000000006,3.9267900000000004,0.028853920000000026,-0.1836978,0.3553197999999999,0,0,0,1
17.288380000000004,-4.799761,2.121723,1.3984040000000002,4.902358,-1.2501619999999998,1.7963005999999992,-1.1690363999999993,1.95659782,-0.3540922,0.77383396,0.9819469999999998,0,0,0,1
14.664828,-2.5110339999999995,4.0602399999999985,2.3055859999999995,-0.0074103999999998085,-3.9929940000000013,0.17685099999999995,0.5730592000000001,0.11664799999999992,-1.8975810599999996,0.6133198,1.4134058400000002,0,0,0,1
13.42848,-8.025350000000001,-0.37613939999999985,-4.484969799999998,-3.077363999999999,-6.2363800000000005,0.6811749400000003,2.2672479999999995,3.447551999999999,-0.9768419999999999,-1.4363045999999997,0.041318199999999944,0,0,0,1
11.06608,-3.4553460000000005,5.906216000000001,1.5498482000000005,1.4040926000000005,0.24224739999999986,0.27367679999999994,1.7656080000000003,1.5212108000000006,-0.024359800000000032,1.2808085999999996,0.5330544,0,0,0,1
17.913600000000002,-5.32546,-1.2431508000000002,-2.2147099999999997,1.3798489,-2.7814620000000003,2.8590087200000003,0.9211739999999999,4.295798,1.1052232999999998,0.6904252,-0.9655457999999997,0,0,0,1
12.795900000000001,-3.7260818000000016,-0.8897259999999999,0.03627639999999997,2.148784,1.0261122,1.66872712,0.2189440000000002,1.9897920000000004,-1.06638728,-0.03230980000000001,0.19556000000000007,0,0,0,1
19.084779999999995,-2.486766,-3.235315999999999,-2.388358,0.46504993999999994,0.26023339999999995,3.101172,2.2155919999999996,3.116304,0.6609489399999998,1.0222848000000002,0.29116411,0,0,0,1
17.974460000000004,-3.9177820000000003,-1.4897366000000003,-1.0100948399999998,-0.06762396000000001,-1.6154992000000001,3.35046,2.966507000000001,3.6225140000000007,0.14968453999999998,-0.07906460000000007,0.5528946200000001,0,0,0,1
17.19828,-1.45383068,1.1804232,-0.06656460000000004,-1.5389918,-2.718818,1.5356778,3.4007819999999986,2.7238154,-0.28991659999999997,-0.44614700000000007,0.48228615,0,0,0,1
9.452597999999998,-0.98165234,1.3935980000000006,-2.0304140000000004,4.7626546,-3.6387294000000012,-0.032531999999999985,1.1481081999999998,3.967831999999999,0.543813,-0.3546584,0.11397800000000004,0,0,0,1
18.083939999999995,-3.7238298000000007,-0.12199399999999999,-1.8499573999999996,1.5438399999999992,1.0275652000000002,0.2639974,1.257753,1.6875596,-0.7022195999999999,0.6585786400000002,1.09294998,0,0,0,1
18.830221999999996,-4.2804720000000005,-1.1524419999999997,-0.8250979999999999,1.4970102000000003,-1.134236,0.7628355600000002,0.4456353999999999,3.856360000000001,1.1779079999999997,-1.285275,0.6901062,0,0,0,1
11.753073999999994,-0.3215239999999995,-0.1501568000000001,-1.5490773399999995,4.1516519999999995,3.7226394000000016,1.5858954000000003,-0.41736720000000005,0.03447210000000031,-0.5983226,0.8049016000000002,1.2067120000000002,0,0,0,1
16.713528,3.2443135999999995,-3.0432119999999987,-2.206457800000001,2.5871364800000007,2.6367940000000005,0.26287560000000004,-0.9645597999999999,0.8289330000000003,2.3860660000000005,2.1052342000000004,0.54283498,0,0,0,1
21.569580000000002,-1.1997376000000002,-1.637969999999999,-0.19112179999999995,1.7092836,2.3597999,0.8721822,-0.15586599999999975,0.7075545599999998,1.3031791599999991,2.2257479999999994,0.4927464199999999,0,0,0,1
17.486625999999998,-2.0669645999999995,3.237768,1.5255597999999997,-1.5789704000000002,0.17620659999999994,3.6267999999999994,0.8962580000000001,-1.0779942,0.6234015999999999,2.75853,-0.29829227999999985,0,0,0,1
17.167420000000003,-2.7797454,4.320654799999999,3.9566599999999994,-0.2329679999999999,-2.6664648,1.879794,0.5477662000000001,-3.3231567999999987,-2.7705034400000006,1.6423079999999999,0.48788400000000004,0,0,0,1
12.660854000000002,-2.079408,5.421642,2.8979876,-0.977462,-1.5586629199999993,1.3282928,2.602969039999999,0.9985446000000002,-1.1352038000000004,1.0381900000000002,0.5579225999999999,0,0,0,1
15.412499999999996,-1.489999999998659E-4,7.143380000000002,5.445140000000001,-1.6036214000000002,-2.5165340000000005,2.401124,2.660694,1.3845724,-0.5796937999999999,2.3564013999999993,1.7978699999999994,0,0,0,1
14.087732000000003,-3.9972693999999995,6.9418799999999985,3.2124520000000008,0.034366600000000046,-0.9608604000000001,1.9625623999999993,2.0327052,0.3601480000000001,-1.7495440000000002,1.716996,1.4559417999999993,0,0,0,1
15.187238000000002,-0.7407999999999998,6.6865539999999974,7.193672000000004,0.45746839999999983,-2.8664432000000004,1.8327408000000005,4.330858000000001,-0.04381039999999996,-2.598612,1.35054,1.6885978399999997,0,0,0,1
15.40654,-1.2032779999999994,6.877440000000002,6.286209999999999,1.0534099999999995,-0.745123,2.6366299999999994,4.957504,-0.10088480000000026,-2.5507145999999996,0.5487862,0.7850160000000005,0,0,0,1
12.289460000000002,1.8510996,5.415316000000001,5.640820199999999,0.2581797999999999,-2.3130721999999997,2.625962,4.0799,0.172406,-1.4428529999999997,1.0015062000000001,0.8518506000000002,0,0,0,1
8.65206,-1.7755959999999995,4.162178000000001,-0.6454190000000001,-3.6063219999999996,-1.378214,-0.10734820000000003,0.8369337999999996,0.47702120000000003,-0.08167040000000003,1.5764483999999999,0.4495542,0,0,0,1
17.255079999999996,-0.9826227999999999,0.9687558,-3.4298061999999994,-2.00865332,0.40430940000000004,1.7264580000000007,2.141576,1.9659836000000002,0.8505832,-0.057239799999999945,0.007228000000000028,0,0,0,1
21.07986,0.26832399999999984,1.7755745999999997,-2.6743533999999998,-0.7159035999999998,-0.16753079999999998,3.112289799999999,0.20027219999999993,0.7776939999999999,-0.7301170000000003,0.9144203999999998,0.6775926,0,0,0,1
15.030051999999998,-2.8894841999999996,4.592694,-1.5699280000000004,1.0913266,-1.0994544000000002,1.8868090000000004,0.5970956000000001,1.229852822,0.7798808000000002,0.18232740000000006,0.8591328000000001,0,0,0,1
17.649773999999997,-3.9069198000000007,-1.5371134,-1.4454178,3.5847404000000007,0.7487577999999999,4.0802748,-2.88601,0.8383838,0.9526449999999999,0.19618212,0.15478719999999993,0,0,0,1
15.10628,-5.453434,-0.4648619999999998,-1.0291312000000006,2.6561440000000003,2.1773179999999996,2.13125982,-1.1794037599999994,0.9650203999999999,0.8776522,0.14852720000000003,-0.4025148,0,0,0,1
17.08162,-3.7644696000000017,0.3148736,1.0423416,-0.23215720000000026,-1.4518246,0.7735327999999998,-0.1561712,0.3212602,-0.5056227600000001,0.5781972999999999,-0.4740033399999996,0,0,0,1
12.17504,-4.046105999999999,2.6804600000000005,-0.6799960000000002,-1.4385396,-1.3661864,-0.7147240000000002,-1.3968751999999998,-0.5231461999999999,-1.7492897999999997,-0.9439351999999999,-2.47157,0,0,0,1
16.213340000000002,-0.33485200000000004,3.3669366000000003,-1.1210174000000002,-0.7747808,-1.4048459999999998,-0.5038236,-0.3275780000000001,1.9247008000000003,0.7066939999999999,1.3081095999999999,-0.5786000000000001,0,0,0,1
15.404380000000002,-2.534264,2.4306091999999997,-1.8163259999999999,1.2334024,-1.1801270000000001,0.852047,-0.9555254000000001,2.1358590000000004,0.4221760000000001,1.0228323999999995,-0.8420479999999999,0,0,0,1
14.477379999999997,-0.4959420000000002,0.62425696,-3.113035600000001,0.8383015999999998,-1.1368168,0.23052944199999995,-0.7731467999999999,1.4600933199999993,0.8867478799999998,-0.16579797999999993,0.05755380000000002,0,0,0,1
16.115420000000004,4.9851980000000005,4.796235,-2.9431304,0.6597562,0.15820000000000056,0.7789099199999999,-0.344514,1.7537508,0.7337217999999999,1.6363922000000002,0.3165974,0,0,0,1
12.843699999999998,-0.5196533999999997,5.110339999999999,-0.7411194000000001,1.3977374000000002,0.852418,2.0545524,1.0221834,1.2209428000000002,-0.491937,-0.11876600000000001,0.16504378000000014,0,0,0,1
15.380811999999999,1.7646100000000005,3.1295359999999994,-2.9541565999999992,-1.3134506,0.1682316,1.0789281999999998,0.7265459999999999,1.4958939999999998,-0.1610739200000001,2.513856,1.2877539999999998,0,0,0,1
14.19826,-1.983158,3.7515700000000014,-3.6484960000000006,-1.8785101999999991,-0.18053680000000003,1.0029823999999998,0.8036701999999998,1.3972945999999995,-0.232478,1.2084123999999996,1.01774974,0,0,0,1
15.599325999999994,-1.8849540000000002,2.0295584000000004,-1.6565466000000004,-1.22856402,-1.4845707999999995,0.2711752,-0.003978799999999827,1.950554,0.10589297999999983,-0.3033082,-0.1280498,0,0,0,1
15.301422,-2.9029140000000013,3.260344000000002,-1.515472,0.42266400000000004,-1.1616462,1.8210405999999997,1.1083220000000005,1.6720712,-0.3771319999999999,0.4786144399999997,1.1347880000000001,0,0,0,1
12.62798,-0.79130814,6.627897999999999,-2.7186828800000002,2.955772680000001,-2.0562979999999995,3.3937519999999997,-0.5483740000000001,1.0669140000000004,-1.5126562,0.7838752,0.16464980000000012,0,0,0,1
21.35058,2.4642022000000003,4.246504000000001,0.2040485999999999,0.15462900000000013,-2.938464,2.1109139999999997,1.1081685600000002,1.2193159999999996,0.8093900000000004,0.25371600000000005,0.04086739999999998,0,0,0,1
12.067204460000005,-1.2843779999999998,2.7303040000000003,-0.37631520000000007,-0.18503580000000014,-1.6558417999999995,1.5441268,0.677024,1.2594480000000001,0.30158419999999997,0.34474879999999997,-1.3694900000000003,0,0,0,1
15.930080000000006,0.16640799999999992,3.2798200000000013,1.2506523999999999,-0.8545056000000004,-1.4937080199999997,-0.05438799999999965,-0.329346,0.5509935999999999,-0.7397060000000002,0.23473087999999998,-0.5361588,0,0,0,1
11.912560000000001,-3.6511928,2.267294,-2.2224172000000006,-1.3529133399999997,-2.5041904000000006,0.5662474000000003,-0.4581635999999999,0.476948,-0.006061999999999872,-0.06715640000000006,-1.339662,0,0,0,1
15.375660000000003,1.2954279999999998,3.0564679999999997,-2.7720082,-2.5567800000000003,-1.5597760000000003,-0.8624639999999999,-0.5268507999999996,2.3783059999999994,0.3230946,1.0819946,-0.29669359999999995,0,0,0,1
16.016139999999996,-3.310392179999999,3.7322800000000016,-2.4218993999999996,-1.12125364,-3.4661729999999995,1.2632413999999996,0.2937262,2.6340440000000003,1.277496,2.410546799999999,-0.6382158,0,0,0,1
15.183959999999999,-1.4504512000000003,2.944414,-1.6161267999999995,-1.2698797999999998,-3.0121331999999996,1.157993,1.2320299999999997,2.5097978,0.9971148000000004,0.59296318,-0.14847422000000013,0,0,0,1
7.296304,5.8894503999999985,8.275620000000002,-3.7654585999999997,2.888025859999999,-5.6354060000000015,4.379979199999999,-1.4591722000000003,2.0063274000000004,-0.36215722400000006,2.5569833999999996,0.12740954,0,0,0,1
13.097739999999998,-0.014169999999999754,4.959776000000001,-1.8021216000000004,-0.08242620000000009,-1.3798688000000003,1.6977249999999995,0.4401238,0.44777,-0.14112219999999992,0.06610844000000003,0.4210620000000001,0,0,0,1
14.090186,0.7280679999999999,3.6849038000000003,-2.6495602000000007,-1.3082061999999999,-0.10171599999999993,1.1147561999999995,-0.3368200000000002,1.1089158000000001,-0.23535799999999996,2.2804714000000006,1.717522200000001,0,0,0,1
10.31788,-2.1730270000000003,2.8551359999999995,-2.3425700000000003,-1.12222,0.6222260000000005,1.4401220000000001,0.12348700000000015,1.4119249999999999,-0.09646375999999997,0.46218600000000004,0.6417724000000001,0,0,0,1
12.45122,-3.4282527999999997,4.144848,-1.1084659999999995,-1.32244166,-3.3106764,1.2069741999999999,-0.8930067999999999,-0.2834725999999998,-1.5949909999999996,1.0907252,0.7043206,0,0,0,1
13.181320000000007,-5.932404,2.310838000000001,-3.086552000000001,1.5067860000000002,-2.9653819999999995,2.0880544,-1.1762042,0.9392346000000003,-1.3126825999999996,0.6388594,0.5014590000000001,0,0,0,1
10.923492999999997,-1.0911798,4.0818200000000004,-1.6117564000000002,1.64076294,-1.762459,3.8310200000000005,-0.34565920000000006,1.9873200000000002,-0.7756773800000001,0.145358,0.2730140000000001,0,0,0,1
12.008860000000002,1.127174,1.3343459999999994,-2.318728,3.998602000000001,-1.5261230000000001,5.034752,-1.6441515999999998,0.4377930000000002,1.25763198,-0.04453228,-0.9742405999999998,0,0,0,1
17.55664,-4.986060000000002,-2.821956,-3.433057999999999,0.759224,2.933378200000001,3.8960359999999996,-1.7667923200000002,-0.44813322,0.9776249999999999,0.16138420000000006,-0.8856668200000002,0,0,0,1
16.7127,-5.132654600000002,-2.308632,-2.837758,-0.14035980000000006,2.2834632000000004,3.6063699999999996,-2.788261599999999,-1.1299562,-0.2753321999999999,1.3253154000000007,0.3535098,0,0,0,1
15.277040000000001,-4.3252619999999995,-0.6015608399999999,-3.1315540000000004,0.04408236000000005,1.2960980000000009,0.589341600000001,-2.6005800000000003,0.04409224,0.5755450000000003,0.3972348000000001,-0.11300860000000004,0,0,0,1
13.464720000000002,-2.8264266000000005,2.5221920000000004,-4.8266116,-0.39163279999999984,-4.6886746,0.6197005999999999,-0.7935138000000005,2.094046,-0.28953427999999987,0.3701031999999999,-0.8685342,0,0,0,1
15.489819999999995,-1.6090905999999998,3.8939400000000006,-2.6793040000000006,-0.35999200000000003,-1.1881082,0.7771208000000001,-0.11442139999999998,2.5860676000000002,0.6981142000000001,0.6161620000000004,-1.5274720000000002,0,0,0,1
12.104757999999999,0.45798299999999975,2.5253100000000006,-1.4830557999999998,0.03149760000000002,-1.2061905999999998,0.46804440000000014,0.5169480000000004,2.188623,1.16713984,-0.1551319,-0.822835,0,0,0,1
10.320028,-0.06727740000000008,3.4433586000000003,-1.7699460000000002,1.7909053999999998,-1.2395979400000001,1.633728,0.7829948000000003,3.2469980000000005,0.9351259999999999,0.2696464000000002,-0.053543528,0,0,0,1
14.938574000000003,-2.7840176000000003,1.6980982,-2.1565760000000003,0.42279599999999995,1.7259153999999999,1.2796447999999998,0.59806138,2.1480119999999996,-0.40907619999999995,-0.4882045999999999,-0.16662419999999994,0,0,0,1
16.268004,-1.2968899999999999,2.5299123999999993,-1.6083910000000003,0.23503280000000004,0.11235520000000015,1.6357326000000005,0.7001847999999998,1.572083,-0.9000215999999999,1.31746594,1.1745903999999996,0,0,0,1
12.088897999999995,-2.1577960000000003,4.020516,-2.5172474000000005,-1.7997470000000002,-0.25227702,1.000321,1.2084040000000003,2.083036,0.29525276,1.5565159999999993,1.170332,0,0,0,1
14.375879999999997,-1.7330539999999999,4.05457,-1.8936219999999995,-2.251921199999999,-0.7356174,0.057087600000000085,-0.9275587999999996,0.19166720000000012,-0.2552284000000001,1.6012186000000002,1.1388200000000002,0,0,0,1
13.87548,-4.725052,3.5045626000000003,-1.6843840000000003,-0.2851160000000001,-0.4083059999999999,2.9441599999999992,1.0836613999999998,1.1531016,-1.1931883799999996,-0.37431100000000006,1.1782502,0,0,0,1
14.966799999999996,-3.338563200000001,2.5760696000000003,-0.6396473999999999,0.04679056000000006,-1.5178070999999997,3.9512460000000003,1.561352,1.0695286,-0.6443835999999997,-0.7142566000000001,0.5146839999999998,0,0,0,1
8.820758,0.251205,4.628193200000001,-1.1594679999999997,0.412404778,-0.45315799999999995,2.1808922,-0.40900140000000007,1.1767964,0.4228299999999998,-0.8307213999999999,-0.6198802,0,0,0,1
14.245060000000002,-4.113621999999999,-1.8547213999999996,-3.487838,0.11401799999999977,3.1934120000000004,3.000634,0.8494188000000003,1.1343551999999997,0.6825174000000003,-0.7203615999999998,-1.1722188,0,0,0,1
16.079960000000003,-3.9129527999999993,-0.19284200000000007,-0.4636629999999999,-0.616488,-1.7669456000000003,1.377842,3.1654514799999993,2.6284779999999994,-1.2643090000000001,-1.5972924000000006,-0.9915639999999999,0,0,0,1
15.153880000000001,-3.82464,-0.3371087999999999,-2.3514724,-0.813292,-1.9243928,1.2705596999999995,2.693118,2.896154,-1.7055459999999996,-1.10782146,-0.80723,0,0,0,1
13.98146,-2.2687700000000013,-1.63533822,-4.204195999999999,-2.5160399999999994,-3.186418000000001,-0.4502262,0.10084956400000014,2.1490193999999994,-1.6208962,-1.9738760000000009,-1.7685489999999993,0,0,0,1
14.698540000000001,-2.5127600000000005,4.6826745999999995,-0.25971580400000005,0.32608919999999986,-2.106728,1.0352701999999996,-0.04617110000000025,2.3700150000000004,0.38455599999999984,0.6139374,-0.4572886000000001,0,0,0,1
11.4143,-0.28407794000000003,1.7400306,-2.4021130000000004,-0.8921579999999995,-2.1204942,0.4946724000000001,1.0700559999999997,2.7024461999999994,1.5070420000000002,0.9934745800000003,0.24006619999999995,0,0,0,1
14.731720000000003,-1.809602,2.7817236,-1.3500667999999996,-0.7525759999999996,-1.6177290399999993,1.2310966,2.1023680000000002,4.102085999999999,0.8119176,-0.4997865999999999,-0.21656772000000013,0,0,0,1
14.490779999999996,-2.429438,-0.6710961999999996,-2.134044399999999,1.2993899999999998,1.2347905999999997,2.4552192000000006,-0.09913530000000009,1.4083037999999999,0.7570542000000002,-0.7637482000000003,0.50108406,0,0,0,1
14.753571999999997,-3.4627499999999998,1.8350317999999992,-2.5216531999999994,1.4874840000000003,0.25351954000000015,1.5888016199999992,0.23222958,1.3165883999999999,-0.7896818000000002,-0.5687164000000001,0.820894,0,0,0,1
10.262552060000003,-0.3541401999999998,1.4660479999999998,-1.6709813999999996,-1.1807164,-1.2349618999999996,0.9680200000000001,1.2695489999999998,1.8621273999999999,-0.6432656,0.3403186,1.187459,0,0,0,1
9.5969,-3.495602,2.3286278,-2.351082,-2.3326735999999997,-1.5703768,0.03577058200000001,-0.09060039999999994,-1.4860806000000002,-1.5990314000000003,1.59881662,1.5697068199999997,0,0,0,1
12.409500000000001,-3.4347213999999995,3.8292420000000003,-0.6355550600000001,0.5970971999999999,0.1956727999999999,1.7584254000000001,1.9833360000000002,1.0205050199999999,-0.6957042000000001,0.6825471800000003,0.5943825999999999,0,0,0,1
14.216060000000002,-4.1837842,2.4936299999999996,-1.2421379999999993,-0.2342115999999999,-2.295099,4.073898000000001,1.3870483999999996,0.9819568000000003,-0.5377840000000002,-0.374742,0.6023288,0,0,0,1
12.421199999999999,-3.3334565999999994,3.6093908000000003,-0.9583020000000001,1.7134547199999997,0.6406966,2.6774403999999987,-1.449778,0.6443711800000004,-0.22881919999999997,-0.30481,-0.23180559999999997,0,0,0,1
16.90858,-4.570474000000001,-2.6463086000000002,-3.7133819999999993,0.9619039999999999,3.1075280000000003,3.0945860000000005,-0.181771,1.24554018,1.6322515999999998,-0.7020267999999996,-0.7132516,0,0,0,1
15.136699999999996,-5.83097,0.7164962000000001,-0.9460259999999995,-0.2356687999999999,-1.6728403999999997,1.5582900000000002,2.3055094199999995,1.8094575999999998,-1.0220562,-1.4842149999999996,-1.3018180000000001,0,0,0,1
14.732680000000002,-5.486554000000001,0.3371,-1.7741379999999998,-1.3799688,-2.488737800000001,0.32768200000000003,3.049675999999999,2.6002920000000005,-1.193462,-1.7000082,-0.7744139999999998,0,0,0,1
13.32134,-6.753893400000001,-3.1477160000000004,-3.0903290000000005,-2.0823113999999996,-3.2401519999999984,-0.2281602,1.7049440000000002,2.469784,-2.0839499999999997,-2.4767654000000006,-1.1840778399999998,0,0,0,1
12.880259999999998,-0.8429768,4.122088,-0.5789104,-0.49463160000000017,-0.9339089800000002,0.5645184000000001,0.7657932400000003,1.6978239999999993,0.9016916,1.3860867999999997,-0.23202540000000002,0,0,0,1
12.093893400000002,-0.7658559999999998,0.8466,-2.075640999999999,-1.8604416000000001,-1.8644756799999993,0.33646199999999993,1.0752602000000002,2.212179,0.8917889999999999,0.23538352000000015,-0.32113159999999996,0,0,0,1
11.593720000000001,-2.2485332000000002,0.8835543999999997,-0.299798,-1.0617610000000002,-0.6384264000000001,-0.14602320000000005,2.5953263999999994,4.212648000000001,1.3775054000000002,-0.017390940000000025,-0.3731386400000001,0,0,0,1
12.466180000000001,2.2111684000000005,-0.03224591200000002,-0.017947000000000064,0.5747661999999999,-0.3873273999999994,0.08913020000000003,2.1985096,3.5924799999999992,0.32026464,-0.7203418000000003,0.49770952000000007,0,0,0,1
11.13114,-0.7334634000000004,2.0456958,-0.5340412000000003,-0.43368404,1.0968968799999994,1.6336752000000003,1.8370418000000004,0.48482639999999977,0.10177324,1.7507152000000001,1.4260434000000002,0,0,0,1
12.283520000000001,0.807114,0.18764599999999984,-1.5822419999999995,-1.7097633999999997,0.8707108000000002,2.048482,1.374582,1.9858603999999997,0.9830322000000001,-0.1839182000000001,0.36570240000000004,0,0,0,1
6.976243000000002,-0.12461199999999964,-1.6214043999999996,-2.6951950000000005,-2.5134080000000005,0.6062400399999999,0.5699814928000001,-0.19702859999999994,-0.015117000000000021,0.34499919999999995,1.1818042000000002,0.946441,0,0,0,1
5.332066200000002,3.9060275999999994,2.148908,0.7945937000000001,-0.3008484,0.4764931999999999,1.5855966000000001,2.018222799999999,1.1986292,0.7275718000000001,0.889262,1.5324277999999998,0,0,0,1
7.472459999999999,1.8650720000000007,0.3568248000000003,1.1530734,-0.988304,0.7436356000000001,2.2596616,2.4652165999999998,0.7061986000000001,0.27377200000000007,1.2248220000000003,1.6763952,0,0,0,1
5.126619999999998,3.6641459999999997,3.413978,2.6133619999999995,-0.123504,0.5934232800000003,1.8717302000000007,2.1223425999999996,0.6642725999999998,0.16677279999999997,0.8238232,0.9010886,0,0,0,1
10.750833333333334,5.402083333333334,-2.7247250000000007,-1.229125,1.7383916666666668,3.9702499999999996,2.5625749999999994,1.6537666666666666,1.7806750000000002,1.6466541666666668,1.1736916666666666,0.4762721666666667,0,0,0,1
